[INFO] starting video stream...
timestamp and frame
1599765318.195778
[[[173 170 172]
  [174 170 172]
  [175 170 172]
  ...
  [170 169 176]
  [170 169 175]
  [170 170 173]]

 [[173 172 170]
  [173 172 170]
  [174 172 169]
  ...
  [169 170 175]
  [168 170 174]
  [167 171 173]]

 [[173 172 167]
  [173 172 167]
  [173 173 166]
  ...
  [168 170 175]
  [167 170 175]
  [165 171 174]]

 ...

 [[142 139 136]
  [142 139 135]
  [141 138 134]
  ...
  [ 16  39  54]
  [ 19  42  59]
  [ 18  43  57]]

 [[141 139 137]
  [139 138 136]
  [139 138 134]
  ...
  [ 19  40  54]
  [ 21  41  56]
  [ 19  38  54]]

 [[141 140 136]
  [140 139 135]
  [138 138 133]
  ...
  [ 19  39  53]
  [ 19  40  53]
  [ 15  35  48]]]
timestamp and frame
1599765318.4676151
[[[186 177 171]
  [185 178 172]
  [184 178 172]
  ...
  [171 176 178]
  [172 177 179]
  [171 177 179]]

 [[183 177 173]
  [183 178 172]
  [182 178 173]
  ...
  [171 176 179]
  [171 177 179]
  [171 178 178]]

 [[182 176 174]
  [180 177 173]
  [181 178 174]
  ...
  [172 176 180]
  [172 176 180]
  [170 176 178]]

 ...

 [[146 145 143]
  [145 145 143]
  [145 145 143]
  ...
  [ 16  42  58]
  [ 17  44  59]
  [ 20  48  62]]

 [[142 143 140]
  [144 143 141]
  [145 143 142]
  ...
  [ 17  41  59]
  [ 16  43  58]
  [ 16  43  57]]

 [[143 144 141]
  [143 144 141]
  [143 143 141]
  ...
  [ 15  41  58]
  [ 17  42  61]
  [ 15  41  60]]]
timestamp and frame
1599765326.1787937
[[[185 173 173]
  [186 173 173]
  [186 174 172]
  ...
  [175 176 179]
  [172 176 178]
  [170 176 178]]

 [[183 174 173]
  [183 174 173]
  [184 175 174]
  ...
  [173 176 180]
  [171 177 179]
  [171 176 179]]

 [[180 175 172]
  [181 176 173]
  [182 177 174]
  ...
  [170 177 180]
  [170 177 179]
  [171 177 178]]

 ...

 [[146 146 138]
  [144 145 136]
  [144 145 136]
  ...
  [ 16  38  62]
  [ 21  44  69]
  [ 23  46  72]]

 [[145 144 139]
  [144 145 137]
  [144 145 135]
  ...
  [ 19  38  60]
  [ 23  44  66]
  [ 21  43  68]]

 [[147 146 141]
  [145 146 137]
  [143 145 134]
  ...
  [ 17  36  57]
  [ 22  44  64]
  [ 25  45  65]]]
timestamp and frame
1599765327.0813723
[[[179 176 170]
  [180 176 171]
  [182 178 170]
  ...
  [175 174 181]
  [175 173 181]
  [176 174 182]]

 [[180 175 171]
  [181 176 170]
  [182 178 170]
  ...
  [174 174 181]
  [174 174 181]
  [175 175 182]]

 [[180 177 171]
  [180 177 171]
  [180 178 170]
  ...
  [174 176 180]
  [175 176 180]
  [174 175 179]]

 ...

 [[147 147 140]
  [145 145 138]
  [144 145 139]
  ...
  [ 13  40  57]
  [ 17  44  62]
  [ 21  48  66]]

 [[144 147 139]
  [143 145 139]
  [143 145 140]
  ...
  [ 17  41  55]
  [ 19  45  57]
  [ 18  46  58]]

 [[143 146 138]
  [142 146 138]
  [141 145 138]
  ...
  [ 17  42  54]
  [ 17  45  54]
  [ 17  44  55]]]
timestamp and frame
1599765327.2457466
[[[178 173 172]
  [181 174 173]
  [182 177 175]
  ...
  [174 176 180]
  [175 176 180]
  [174 176 180]]

 [[179 175 171]
  [181 176 173]
  [182 177 174]
  ...
  [174 176 180]
  [175 176 180]
  [174 176 180]]

 [[181 177 171]
  [180 177 172]
  [180 178 172]
  ...
  [174 176 180]
  [175 176 180]
  [174 175 179]]

 ...

 [[148 147 139]
  [147 146 137]
  [146 144 136]
  ...
  [ 15  37  61]
  [ 19  42  66]
  [ 22  44  68]]

 [[146 145 134]
  [144 144 134]
  [144 144 134]
  ...
  [ 19  36  62]
  [ 23  40  66]
  [ 23  43  68]]

 [[143 143 132]
  [143 144 132]
  [144 145 133]
  ...
  [ 20  37  63]
  [ 24  40  66]
  [ 28  43  70]]]
timestamp and frame
1599765327.9362812
[[[185 175 171]
  [186 176 171]
  [185 177 170]
  ...
  [175 175 182]
  [175 175 182]
  [175 174 183]]

 [[184 176 169]
  [184 177 169]
  [184 177 170]
  ...
  [173 175 181]
  [175 175 182]
  [175 175 182]]

 [[181 176 167]
  [182 177 168]
  [184 178 170]
  ...
  [173 176 180]
  [175 176 180]
  [175 176 180]]

 ...

 [[146 148 143]
  [146 148 143]
  [145 147 142]
  ...
  [ 18  39  53]
  [ 19  40  52]
  [ 21  41  51]]

 [[146 147 142]
  [145 146 143]
  [143 145 141]
  ...
  [ 20  39  53]
  [ 21  39  52]
  [ 22  39  51]]

 [[145 147 142]
  [144 146 142]
  [142 144 140]
  ...
  [ 19  38  53]
  [ 21  38  51]
  [ 22  40  50]]]
timestamp and frame
1599765328.1086373
[[[183 181 168]
  [183 180 169]
  [182 180 170]
  ...
  [172 176 177]
  [172 176 176]
  [173 177 175]]

 [[181 179 168]
  [181 179 168]
  [181 180 169]
  ...
  [172 177 176]
  [172 177 176]
  [174 177 174]]

 [[179 179 168]
  [179 179 168]
  [180 179 168]
  ...
  [172 177 176]
  [172 177 176]
  [173 177 175]]

 ...

 [[147 147 142]
  [146 147 141]
  [144 145 138]
  ...
  [ 16  44  56]
  [ 19  46  60]
  [ 21  49  62]]

 [[147 146 139]
  [145 145 138]
  [144 144 136]
  ...
  [ 19  44  57]
  [ 20  45  59]
  [ 18  44  57]]

 [[146 146 137]
  [145 145 137]
  [144 144 135]
  ...
  [ 20  45  58]
  [ 21  45  58]
  [ 20  43  59]]]
timestamp and frame
1599765328.2759511
[[[176 176 167]
  [177 177 167]
  [179 177 168]
  ...
  [176 175 182]
  [176 174 183]
  [178 175 185]]

 [[178 178 169]
  [179 178 169]
  [180 178 170]
  ...
  [174 175 182]
  [175 175 182]
  [175 175 182]]

 [[178 179 170]
  [180 178 170]
  [181 179 172]
  ...
  [170 176 180]
  [171 176 180]
  [172 176 180]]

 ...

 [[144 146 138]
  [144 145 139]
  [144 146 140]
  ...
  [ 16  42  56]
  [ 18  44  59]
  [ 21  47  63]]

 [[145 143 135]
  [144 143 135]
  [144 143 136]
  ...
  [ 17  41  53]
  [ 20  44  56]
  [ 21  45  57]]

 [[145 142 133]
  [143 142 133]
  [143 143 133]
  ...
  [ 18  42  52]
  [ 21  46  57]
  [ 24  46  58]]]
timestamp and frame
1599765328.4557245
[[[183 179 171]
  [182 179 171]
  [182 179 171]
  ...
  [173 175 182]
  [173 176 183]
  [170 176 183]]

 [[183 178 172]
  [181 179 172]
  [180 178 171]
  ...
  [171 176 180]
  [171 176 180]
  [170 176 180]]

 [[180 177 172]
  [180 177 172]
  [180 178 171]
  ...
  [170 176 177]
  [170 176 177]
  [169 176 176]]

 ...

 [[146 144 138]
  [145 143 139]
  [144 144 139]
  ...
  [ 16  40  58]
  [ 20  44  62]
  [ 21  45  65]]

 [[146 144 136]
  [145 144 137]
  [143 143 136]
  ...
  [ 17  41  54]
  [ 20  44  57]
  [ 20  42  59]]

 [[145 145 136]
  [144 145 136]
  [142 144 134]
  ...
  [ 17  41  53]
  [ 17  42  53]
  [ 15  41  50]]]
timestamp and frame
1599765330.7438405
[[[177 166 163]
  [177 166 164]
  [176 166 163]
  ...
  [164 165 175]
  [164 164 175]
  [164 164 176]]

 [[175 167 162]
  [175 167 162]
  [174 167 162]
  ...
  [162 165 174]
  [162 164 174]
  [164 165 175]]

 [[172 170 159]
  [172 169 160]
  [172 168 161]
  ...
  [162 164 173]
  [162 164 174]
  [164 164 176]]

 ...

 [[133 136 135]
  [135 135 134]
  [136 135 134]
  ...
  [ 12  40  51]
  [ 15  42  52]
  [ 16  43  52]]

 [[130 134 136]
  [131 135 135]
  [134 136 135]
  ...
  [ 15  39  46]
  [ 16  40  44]
  [ 15  39  45]]

 [[129 135 137]
  [131 135 134]
  [133 136 134]
  ...
  [ 13  37  44]
  [ 16  39  41]
  [ 17  40  40]]]
timestamp and frame
1599765331.2447898
[[[179 176 170]
  [178 176 170]
  [178 175 169]
  ...
  [166 172 174]
  [167 174 176]
  [169 174 178]]

 [[179 176 168]
  [177 175 167]
  [176 175 167]
  ...
  [166 173 175]
  [166 173 175]
  [167 173 177]]

 [[177 175 168]
  [176 174 167]
  [176 174 167]
  ...
  [166 173 177]
  [166 173 178]
  [166 174 178]]

 ...

 [[145 141 141]
  [146 142 140]
  [146 142 140]
  ...
  [ 12  37  58]
  [ 15  39  59]
  [ 16  39  61]]

 [[144 140 141]
  [145 140 141]
  [144 140 140]
  ...
  [ 14  36  60]
  [ 16  38  61]
  [ 19  40  61]]

 [[143 141 141]
  [143 139 140]
  [143 139 139]
  ...
  [ 15  37  62]
  [ 18  40  65]
  [ 20  42  66]]]
timestamp and frame
1599765331.421921
[[[182 181 172]
  [182 180 172]
  [181 179 172]
  ...
  [173 179 182]
  [172 178 181]
  [170 178 182]]

 [[182 181 172]
  [182 179 171]
  [182 179 171]
  ...
  [172 179 182]
  [171 179 181]
  [171 179 182]]

 [[181 179 171]
  [181 179 171]
  [181 179 172]
  ...
  [171 180 181]
  [171 180 181]
  [171 180 181]]

 ...

 [[147 148 143]
  [147 148 144]
  [147 148 143]
  ...
  [ 18  44  61]
  [ 20  44  62]
  [ 19  43  61]]

 [[145 149 142]
  [145 149 142]
  [145 149 142]
  ...
  [ 20  44  57]
  [ 21  43  57]
  [ 18  40  53]]

 [[144 150 141]
  [145 149 142]
  [143 148 141]
  ...
  [ 21  45  56]
  [ 24  46  59]
  [ 21  43  56]]]
timestamp and frame
1599765331.5915935
[[[185 180 178]
  [185 179 178]
  [185 179 178]
  ...
  [176 178 187]
  [177 178 187]
  [177 177 186]]

 [[185 181 174]
  [185 181 175]
  [185 180 175]
  ...
  [175 178 187]
  [176 178 187]
  [175 179 185]]

 [[183 182 173]
  [183 181 174]
  [183 181 174]
  ...
  [173 179 186]
  [173 179 186]
  [173 181 185]]

 ...

 [[152 150 149]
  [152 150 149]
  [152 149 149]
  ...
  [ 13  40  54]
  [ 15  43  56]
  [ 18  46  59]]

 [[152 147 146]
  [152 147 147]
  [153 148 148]
  ...
  [ 21  40  59]
  [ 23  43  60]
  [ 21  46  59]]

 [[150 144 144]
  [151 147 145]
  [152 148 146]
  ...
  [ 25  44  63]
  [ 24  42  60]
  [ 24  44  60]]]
timestamp and frame
1599765332.2589443
[[[195 188 182]
  [195 187 184]
  [194 188 184]
  ...
  [186 186 192]
  [185 186 191]
  [185 186 191]]

 [[195 188 183]
  [194 188 184]
  [194 189 184]
  ...
  [184 187 192]
  [183 186 191]
  [186 186 192]]

 [[192 189 183]
  [193 189 183]
  [194 190 184]
  ...
  [185 186 194]
  [184 186 194]
  [184 186 194]]

 ...

 [[160 156 159]
  [160 156 158]
  [160 156 158]
  ...
  [ 25  48  62]
  [ 30  50  63]
  [ 34  52  67]]

 [[160 156 159]
  [160 155 159]
  [161 155 160]
  ...
  [ 29  44  57]
  [ 33  47  60]
  [ 35  50  62]]

 [[159 155 158]
  [159 155 158]
  [159 155 158]
  ...
  [ 28  42  56]
  [ 35  47  61]
  [ 37  49  64]]]
timestamp and frame
1599765332.5940578
[[[195 189 181]
  [194 189 182]
  [194 189 182]
  ...
  [181 186 192]
  [183 187 193]
  [183 187 193]]

 [[193 189 183]
  [192 189 183]
  [192 189 183]
  ...
  [181 186 192]
  [182 187 193]
  [179 187 192]]

 [[191 188 184]
  [191 188 184]
  [192 188 184]
  ...
  [183 186 194]
  [182 187 194]
  [181 187 192]]

 ...

 [[158 156 153]
  [158 156 153]
  [158 157 154]
  ...
  [ 24  45  63]
  [ 26  48  66]
  [ 26  52  70]]

 [[157 154 155]
  [157 154 155]
  [157 155 155]
  ...
  [ 25  45  65]
  [ 25  45  66]
  [ 25  45  66]]

 [[156 155 155]
  [156 155 155]
  [156 156 155]
  ...
  [ 25  45  65]
  [ 25  45  65]
  [ 26  45  66]]]
timestamp and frame
1599765332.7639549
[[[196 190 188]
  [195 188 187]
  [193 187 186]
  ...
  [184 186 192]
  [183 185 194]
  [184 185 196]]

 [[196 189 186]
  [195 189 185]
  [193 187 185]
  ...
  [183 185 194]
  [184 186 195]
  [183 186 195]]

 [[194 188 184]
  [193 188 184]
  [193 188 184]
  ...
  [185 186 195]
  [185 187 195]
  [182 188 195]]

 ...

 [[157 159 151]
  [159 159 154]
  [159 160 155]
  ...
  [ 17  45  66]
  [ 21  49  69]
  [ 26  53  71]]

 [[156 160 155]
  [158 161 156]
  [158 160 156]
  ...
  [ 25  44  65]
  [ 27  46  67]
  [ 29  48  70]]

 [[156 160 155]
  [157 161 156]
  [156 160 155]
  ...
  [ 27  44  65]
  [ 30  45  67]
  [ 31  47  70]]]
timestamp and frame
1599765332.940136
[[[197 189 192]
  [196 189 190]
  [195 190 189]
  ...
  [185 185 192]
  [187 187 193]
  [188 188 195]]

 [[196 189 189]
  [195 189 188]
  [195 189 188]
  ...
  [184 186 192]
  [186 187 193]
  [188 188 195]]

 [[194 189 185]
  [193 189 184]
  [194 189 184]
  ...
  [183 186 192]
  [183 186 192]
  [184 186 192]]

 ...

 [[159 161 150]
  [159 161 150]
  [159 160 150]
  ...
  [ 18  46  65]
  [ 22  49  67]
  [ 25  52  69]]

 [[161 161 148]
  [161 160 148]
  [161 160 148]
  ...
  [ 27  47  60]
  [ 29  47  60]
  [ 26  46  59]]

 [[162 162 148]
  [162 161 148]
  [161 160 146]
  ...
  [ 28  49  59]
  [ 30  48  59]
  [ 30  44  55]]]
timestamp and frame
1599765333.1072657
[[[193 186 187]
  [193 188 188]
  [194 189 189]
  ...
  [186 184 193]
  [187 184 194]
  [187 184 193]]

 [[192 187 185]
  [192 189 185]
  [193 189 186]
  ...
  [184 185 193]
  [186 185 194]
  [186 185 194]]

 [[192 188 185]
  [192 188 184]
  [194 189 185]
  ...
  [182 186 192]
  [184 185 192]
  [184 185 194]]

 ...

 [[156 160 154]
  [155 160 154]
  [155 159 154]
  ...
  [ 17  49  62]
  [ 18  53  65]
  [ 20  56  66]]

 [[156 159 154]
  [155 159 154]
  [155 159 154]
  ...
  [ 15  49  63]
  [ 16  52  62]
  [ 15  52  62]]

 [[156 160 153]
  [155 160 153]
  [154 159 154]
  ...
  [ 15  52  63]
  [ 14  51  60]
  [ 12  51  59]]]
timestamp and frame
1599765333.2817404
[[[196 187 184]
  [195 187 184]
  [195 187 184]
  ...
  [184 187 194]
  [182 188 193]
  [180 189 192]]

 [[195 188 183]
  [195 188 183]
  [195 188 183]
  ...
  [180 188 193]
  [180 189 192]
  [180 189 192]]

 [[192 189 180]
  [194 189 181]
  [194 189 182]
  ...
  [180 188 194]
  [181 188 194]
  [180 188 193]]

 ...

 [[158 158 156]
  [159 158 156]
  [160 160 157]
  ...
  [ 22  44  67]
  [ 26  48  72]
  [ 32  53  78]]

 [[159 157 155]
  [158 156 154]
  [159 157 154]
  ...
  [ 22  45  66]
  [ 26  47  69]
  [ 27  50  73]]

 [[159 157 155]
  [158 156 153]
  [158 156 153]
  ...
  [ 22  47  66]
  [ 23  47  66]
  [ 23  48  69]]]
timestamp and frame
1599765334.2977152
[[[187 181 176]
  [187 181 175]
  [186 180 175]
  ...
  [174 178 188]
  [175 179 188]
  [174 178 188]]

 [[185 180 176]
  [185 181 175]
  [185 180 175]
  ...
  [174 178 188]
  [175 179 189]
  [174 179 190]]

 [[185 180 176]
  [185 180 176]
  [185 181 176]
  ...
  [174 178 188]
  [174 179 190]
  [174 179 190]]

 ...

 [[150 150 144]
  [150 150 144]
  [151 151 146]
  ...
  [ 20  41  69]
  [ 25  43  73]
  [ 31  46  78]]

 [[154 149 144]
  [152 149 143]
  [152 149 144]
  ...
  [ 23  41  69]
  [ 27  41  71]
  [ 26  40  73]]

 [[153 149 143]
  [152 149 143]
  [151 148 142]
  ...
  [ 23  43  70]
  [ 24  42  71]
  [ 27  40  70]]]
timestamp and frame
1599765334.71356
[[[186 179 182]
  [187 179 181]
  [186 179 180]
  ...
  [175 178 188]
  [172 177 186]
  [169 178 186]]

 [[185 181 180]
  [186 181 180]
  [184 179 179]
  ...
  [174 177 187]
  [172 176 187]
  [171 177 187]]

 [[184 180 179]
  [184 180 178]
  [183 180 177]
  ...
  [174 177 188]
  [173 176 187]
  [173 176 187]]

 ...

 [[147 150 147]
  [147 150 149]
  [149 151 149]
  ...
  [ 18  38  59]
  [ 24  44  64]
  [ 29  48  68]]

 [[147 151 148]
  [149 150 147]
  [149 150 147]
  ...
  [ 18  38  58]
  [ 20  40  59]
  [ 24  43  62]]

 [[146 150 145]
  [148 150 145]
  [148 149 145]
  ...
  [ 17  40  59]
  [ 19  39  59]
  [ 21  40  60]]]
timestamp and frame
1599765336.1621423
[[[185 177 181]
  [185 178 180]
  [184 178 178]
  ...
  [172 178 184]
  [173 177 186]
  [172 178 186]]

 [[184 178 180]
  [184 178 179]
  [183 179 178]
  ...
  [173 178 185]
  [172 178 186]
  [171 180 187]]

 [[182 179 178]
  [182 179 178]
  [182 180 178]
  ...
  [175 178 186]
  [174 179 186]
  [173 180 186]]

 ...

 [[146 146 147]
  [148 148 149]
  [150 150 152]
  ...
  [ 24  41  61]
  [ 28  45  66]
  [ 28  46  68]]

 [[145 148 150]
  [147 149 152]
  [147 150 152]
  ...
  [ 26  38  59]
  [ 30  41  63]
  [ 31  42  67]]

 [[148 151 154]
  [148 151 154]
  [146 149 151]
  ...
  [ 25  37  58]
  [ 29  40  61]
  [ 29  41  62]]]
timestamp and frame
1599765336.335079
[[[185 180 176]
  [185 180 176]
  [185 181 175]
  ...
  [178 178 189]
  [177 176 187]
  [177 176 187]]

 [[185 180 176]
  [185 180 176]
  [186 181 177]
  ...
  [175 177 189]
  [175 175 188]
  [175 175 188]]

 [[183 180 176]
  [183 180 176]
  [184 180 176]
  ...
  [174 177 186]
  [174 176 187]
  [173 176 187]]

 ...

 [[152 150 148]
  [151 148 146]
  [150 148 146]
  ...
  [ 13  42  66]
  [ 16  44  68]
  [ 18  47  69]]

 [[153 150 145]
  [150 149 143]
  [149 148 142]
  ...
  [ 19  43  67]
  [ 19  43  68]
  [ 18  42  69]]

 [[151 150 141]
  [149 150 141]
  [148 149 140]
  ...
  [ 22  45  68]
  [ 19  43  67]
  [ 18  41  66]]]
timestamp and frame
1599765340.2095044
[[[184 180 176]
  [183 180 176]
  [183 180 175]
  ...
  [172 180 182]
  [172 180 180]
  [171 181 179]]

 [[182 180 176]
  [182 180 176]
  [182 181 175]
  ...
  [171 180 182]
  [171 180 181]
  [171 180 181]]

 [[182 180 178]
  [182 181 176]
  [182 182 176]
  ...
  [172 180 182]
  [171 179 182]
  [171 179 182]]

 ...

 [[154 148 146]
  [154 148 146]
  [153 148 146]
  ...
  [ 14  44  66]
  [ 16  47  69]
  [ 20  52  74]]

 [[153 147 143]
  [152 147 145]
  [151 147 145]
  ...
  [ 11  44  58]
  [ 13  46  59]
  [ 16  48  65]]

 [[152 148 143]
  [151 147 143]
  [150 146 143]
  ...
  [  8  42  52]
  [ 12  45  55]
  [ 13  47  56]]]
timestamp and frame
1599765340.3773072
[[[183 181 175]
  [184 180 176]
  [185 179 177]
  ...
  [175 177 190]
  [174 177 191]
  [174 178 191]]

 [[183 180 176]
  [183 179 177]
  [184 179 177]
  ...
  [173 178 188]
  [173 179 189]
  [173 179 190]]

 [[181 180 176]
  [182 180 176]
  [183 180 176]
  ...
  [170 179 184]
  [170 180 184]
  [170 181 185]]

 ...

 [[149 150 149]
  [150 151 149]
  [150 150 148]
  ...
  [ 13  43  63]
  [ 17  46  64]
  [ 19  50  63]]

 [[149 149 152]
  [150 149 151]
  [149 149 149]
  ...
  [ 15  43  60]
  [ 18  45  59]
  [ 18  47  58]]

 [[146 150 152]
  [149 150 150]
  [149 150 149]
  ...
  [ 16  44  59]
  [ 17  45  58]
  [ 19  45  58]]]
timestamp and frame
1599765341.7550244
[[[175 170 172]
  [175 170 171]
  [175 170 170]
  ...
  [167 169 176]
  [167 169 176]
  [167 169 176]]

 [[174 172 170]
  [175 171 170]
  [175 171 169]
  ...
  [165 170 175]
  [164 171 174]
  [164 171 174]]

 [[173 172 168]
  [174 173 166]
  [174 173 166]
  ...
  [164 170 174]
  [163 171 174]
  [162 172 172]]

 ...

 [[139 140 136]
  [139 139 137]
  [139 139 138]
  ...
  [ 14  36  58]
  [ 18  40  62]
  [ 24  45  68]]

 [[142 141 136]
  [141 139 136]
  [139 138 137]
  ...
  [ 19  36  57]
  [ 22  37  58]
  [ 26  40  62]]

 [[143 142 137]
  [141 139 137]
  [139 138 136]
  ...
  [ 20  36  55]
  [ 20  36  55]
  [ 20  36  57]]]
timestamp and frame
1599765345.7471993
[[[173 170 170]
  [173 170 171]
  [174 171 171]
  ...
  [166 169 176]
  [166 169 176]
  [164 171 175]]

 [[174 170 169]
  [174 170 169]
  [175 171 170]
  ...
  [165 171 174]
  [165 171 175]
  [163 171 175]]

 [[175 171 170]
  [175 171 169]
  [175 172 169]
  ...
  [163 171 174]
  [162 171 174]
  [161 171 175]]

 ...

 [[141 139 138]
  [142 139 139]
  [141 139 138]
  ...
  [  9  34  57]
  [ 10  37  60]
  [ 15  40  64]]

 [[141 138 139]
  [140 139 139]
  [139 139 138]
  ...
  [ 14  34  58]
  [ 16  34  60]
  [ 23  36  63]]

 [[140 138 139]
  [138 139 138]
  [137 138 137]
  ...
  [ 16  34  58]
  [ 20  34  60]
  [ 24  37  63]]]
timestamp and frame
1599765346.8870533
[[[175 170 171]
  [175 170 171]
  [175 170 171]
  ...
  [170 169 176]
  [170 169 176]
  [170 169 175]]

 [[175 171 170]
  [175 171 170]
  [175 171 170]
  ...
  [169 169 176]
  [168 169 176]
  [168 169 176]]

 [[173 172 169]
  [174 172 169]
  [174 172 170]
  ...
  [166 169 177]
  [166 169 177]
  [166 169 177]]

 ...

 [[139 138 140]
  [139 139 139]
  [140 139 138]
  ...
  [  5  36  48]
  [  5  39  50]
  [  6  40  52]]

 [[139 137 142]
  [139 138 141]
  [139 137 140]
  ...
  [  9  38  49]
  [  9  39  52]
  [  7  40  53]]

 [[139 137 142]
  [140 137 141]
  [138 136 140]
  ...
  [  9  37  47]
  [ 12  40  53]
  [ 13  40  56]]]
timestamp and frame
1599765347.2272303
[[[177 171 170]
  [177 171 170]
  [178 171 169]
  ...
  [165 168 180]
  [165 167 182]
  [165 167 182]]

 [[176 172 169]
  [176 172 169]
  [176 172 169]
  ...
  [164 168 179]
  [164 168 180]
  [164 168 181]]

 [[174 172 170]
  [174 172 170]
  [174 172 169]
  ...
  [164 169 178]
  [164 169 179]
  [163 169 179]]

 ...

 [[143 139 137]
  [142 139 137]
  [142 139 136]
  ...
  [ 16  36  55]
  [ 18  39  59]
  [ 19  41  63]]

 [[144 138 137]
  [142 137 136]
  [141 137 136]
  ...
  [ 13  34  53]
  [ 16  37  57]
  [ 12  37  59]]

 [[142 137 135]
  [140 136 134]
  [140 136 134]
  ...
  [ 11  35  54]
  [ 13  37  58]
  [  9  36  58]]]
timestamp and frame
1599765347.397475
[[[176 170 171]
  [175 170 171]
  [174 170 171]
  ...
  [166 171 172]
  [166 171 172]
  [166 171 172]]

 [[175 171 170]
  [175 171 170]
  [174 171 170]
  ...
  [166 172 172]
  [165 172 171]
  [165 172 171]]

 [[176 172 169]
  [175 172 169]
  [174 172 169]
  ...
  [165 172 172]
  [165 172 172]
  [164 172 172]]

 ...

 [[139 137 140]
  [138 138 139]
  [139 139 139]
  ...
  [ 14  35  53]
  [ 18  39  57]
  [ 18  40  59]]

 [[137 137 139]
  [138 138 138]
  [139 139 138]
  ...
  [ 16  36  55]
  [ 20  38  58]
  [ 21  38  59]]

 [[138 138 138]
  [136 139 139]
  [137 139 138]
  ...
  [ 15  37  57]
  [ 20  38  59]
  [ 22  38  60]]]
timestamp and frame
1599765347.5802453
[[[177 172 168]
  [177 172 167]
  [176 172 167]
  ...
  [166 170 175]
  [166 170 175]
  [167 169 176]]

 [[177 172 167]
  [177 172 167]
  [176 172 167]
  ...
  [166 170 175]
  [166 169 176]
  [166 169 177]]

 [[175 172 167]
  [175 172 167]
  [175 172 168]
  ...
  [164 170 176]
  [165 169 178]
  [165 168 179]]

 ...

 [[142 141 134]
  [141 140 135]
  [141 140 136]
  ...
  [  9  34  52]
  [ 16  41  57]
  [ 18  43  60]]

 [[141 141 135]
  [141 140 135]
  [141 140 136]
  ...
  [ 13  36  55]
  [ 18  40  59]
  [ 19  39  59]]

 [[140 140 135]
  [140 140 135]
  [141 140 136]
  ...
  [ 16  39  57]
  [ 19  40  59]
  [ 20  38  59]]]
timestamp and frame
1599765348.1534805
[[[171 170 172]
  [172 171 171]
  [173 171 171]
  ...
  [168 169 177]
  [168 168 178]
  [168 167 179]]

 [[171 171 171]
  [173 171 171]
  [173 171 171]
  ...
  [166 169 176]
  [166 169 176]
  [165 169 177]]

 [[173 171 169]
  [173 172 170]
  [173 172 170]
  ...
  [163 171 174]
  [163 172 174]
  [163 172 174]]

 ...

 [[140 141 135]
  [139 140 135]
  [139 140 136]
  ...
  [  4  36  63]
  [  7  41  66]
  [ 10  44  66]]

 [[139 140 135]
  [139 140 135]
  [138 140 136]
  ...
  [ 12  36  60]
  [ 13  38  61]
  [ 10  38  64]]

 [[137 139 134]
  [137 140 135]
  [137 140 136]
  ...
  [ 15  37  60]
  [ 15  38  60]
  [ 17  37  60]]]
timestamp and frame
1599765348.3546948
[[[177 172 168]
  [176 172 168]
  [175 172 168]
  ...
  [165 171 174]
  [164 173 174]
  [164 174 173]]

 [[176 171 170]
  [176 171 170]
  [175 171 169]
  ...
  [165 170 175]
  [163 171 174]
  [164 173 174]]

 [[174 172 170]
  [174 172 170]
  [174 172 170]
  ...
  [164 170 176]
  [163 171 175]
  [163 172 174]]

 ...

 [[140 140 136]
  [140 140 135]
  [138 139 134]
  ...
  [ 14  39  51]
  [ 14  40  51]
  [ 18  41  57]]

 [[139 141 134]
  [140 140 134]
  [140 139 134]
  ...
  [ 17  38  44]
  [ 18  38  45]
  [ 19  39  47]]

 [[139 141 134]
  [140 141 134]
  [140 140 134]
  ...
  [ 16  37  40]
  [ 19  39  41]
  [ 18  38  39]]]
timestamp and frame
1599765348.862418
[[[177 171 169]
  [176 170 168]
  [177 171 167]
  ...
  [166 169 177]
  [167 170 179]
  [168 171 182]]

 [[176 171 170]
  [175 171 168]
  [176 172 167]
  ...
  [164 170 177]
  [165 169 177]
  [165 170 178]]

 [[175 172 167]
  [175 172 167]
  [175 173 166]
  ...
  [162 171 176]
  [162 171 176]
  [161 171 176]]

 ...

 [[142 140 136]
  [141 139 136]
  [140 139 136]
  ...
  [ 10  37  51]
  [ 12  41  53]
  [ 16  45  58]]

 [[141 138 139]
  [140 138 138]
  [139 137 137]
  ...
  [ 12  36  54]
  [ 13  39  56]
  [ 14  43  55]]

 [[141 137 140]
  [140 138 139]
  [138 139 138]
  ...
  [ 14  38  57]
  [ 15  40  58]
  [ 16  42  59]]]
timestamp and frame
1599765349.937236
[[[176 171 165]
  [176 171 165]
  [175 171 165]
  ...
  [167 169 176]
  [167 169 176]
  [167 169 176]]

 [[176 171 165]
  [176 171 165]
  [176 171 166]
  ...
  [166 169 176]
  [167 169 176]
  [167 169 177]]

 [[176 172 166]
  [175 172 166]
  [175 172 166]
  ...
  [166 169 177]
  [167 169 176]
  [167 169 176]]

 ...

 [[136 138 138]
  [136 138 137]
  [138 140 138]
  ...
  [ 10  36  57]
  [ 11  38  58]
  [ 13  39  60]]

 [[137 138 140]
  [137 138 138]
  [136 139 139]
  ...
  [ 10  37  59]
  [ 12  38  61]
  [ 14  40  61]]

 [[134 139 139]
  [134 139 139]
  [135 139 139]
  ...
  [  9  37  59]
  [ 11  39  61]
  [ 14  41  62]]]
timestamp and frame
1599765350.1187415
[[[172 171 167]
  [173 172 169]
  [173 172 170]
  ...
  [166 170 175]
  [167 169 176]
  [168 169 176]]

 [[173 172 166]
  [173 172 167]
  [173 172 168]
  ...
  [165 171 173]
  [166 171 174]
  [166 172 174]]

 [[173 172 165]
  [173 173 166]
  [173 173 166]
  ...
  [165 172 172]
  [165 172 172]
  [166 172 174]]

 ...

 [[142 138 138]
  [142 139 138]
  [142 139 138]
  ...
  [ 14  37  54]
  [ 18  39  57]
  [ 23  44  61]]

 [[141 140 135]
  [140 140 135]
  [140 139 136]
  ...
  [ 15  35  51]
  [ 17  36  52]
  [ 19  38  53]]

 [[140 142 135]
  [139 140 135]
  [139 140 135]
  ...
  [ 12  32  47]
  [ 15  34  48]
  [ 21  37  50]]]
timestamp and frame
1599765350.2995822
[[[178 170 171]
  [179 170 171]
  [178 170 171]
  ...
  [165 169 177]
  [165 169 177]
  [165 169 177]]

 [[177 171 170]
  [177 171 170]
  [177 171 170]
  ...
  [165 169 177]
  [166 169 177]
  [166 169 176]]

 [[176 172 168]
  [176 172 168]
  [176 172 168]
  ...
  [167 169 176]
  [167 169 176]
  [167 169 177]]

 ...

 [[136 140 138]
  [138 141 138]
  [138 141 138]
  ...
  [ 14  31  51]
  [ 17  37  57]
  [ 17  39  59]]

 [[134 139 139]
  [135 139 139]
  [136 140 138]
  ...
  [ 22  33  54]
  [ 22  35  56]
  [ 21  36  58]]

 [[134 139 139]
  [136 140 138]
  [136 140 137]
  ...
  [ 22  34  57]
  [ 23  35  57]
  [ 26  36  58]]]
timestamp and frame
1599765350.480146
[[[177 171 169]
  [177 171 169]
  [178 171 169]
  ...
  [167 169 176]
  [167 169 178]
  [167 168 179]]

 [[177 172 168]
  [177 172 168]
  [177 172 168]
  ...
  [166 170 175]
  [167 169 176]
  [167 169 177]]

 [[177 172 166]
  [176 171 165]
  [176 172 167]
  ...
  [165 170 174]
  [166 170 175]
  [168 170 177]]

 ...

 [[142 140 136]
  [142 140 135]
  [141 139 136]
  ...
  [  5  34  55]
  [  8  36  57]
  [ 13  38  58]]

 [[142 139 137]
  [143 139 137]
  [141 138 137]
  ...
  [  5  33  54]
  [  6  36  56]
  [  9  36  56]]

 [[142 139 137]
  [142 139 137]
  [142 139 137]
  ...
  [  5  35  56]
  [  7  37  56]
  [  9  37  56]]]
timestamp and frame
1599765350.6640007
[[[178 171 170]
  [177 172 168]
  [177 172 168]
  ...
  [169 170 174]
  [168 170 174]
  [168 170 174]]

 [[177 171 166]
  [176 171 166]
  [176 172 166]
  ...
  [168 170 174]
  [167 171 173]
  [165 171 173]]

 [[175 171 164]
  [175 172 164]
  [175 172 165]
  ...
  [165 171 174]
  [165 171 173]
  [164 170 172]]

 ...

 [[142 140 135]
  [141 140 135]
  [140 140 136]
  ...
  [  6  32  52]
  [  5  32  54]
  [ 10  38  60]]

 [[138 140 135]
  [138 140 135]
  [138 140 136]
  ...
  [ 10  34  55]
  [ 11  35  59]
  [ 11  35  60]]

 [[136 141 135]
  [136 141 135]
  [137 140 136]
  ...
  [ 12  35  56]
  [ 16  38  62]
  [ 15  39  65]]]
timestamp and frame
1599765350.846391
[[[175 174 165]
  [175 174 165]
  [175 174 165]
  ...
  [163 171 174]
  [163 171 174]
  [162 171 175]]

 [[176 174 164]
  [175 174 165]
  [175 174 165]
  ...
  [163 170 176]
  [163 170 176]
  [164 170 176]]

 [[175 174 163]
  [175 174 163]
  [175 174 163]
  ...
  [164 170 176]
  [166 169 176]
  [167 169 176]]

 ...

 [[135 140 138]
  [134 139 139]
  [134 139 138]
  ...
  [  7  33  54]
  [ 10  37  60]
  [ 12  38  61]]

 [[135 139 141]
  [134 138 140]
  [134 138 139]
  ...
  [  3  34  53]
  [  6  36  58]
  [ 10  36  59]]

 [[136 140 140]
  [134 139 140]
  [134 139 139]
  ...
  [  3  37  54]
  [  4  38  57]
  [  6  38  58]]]
timestamp and frame
1599765351.0290685
[[[176 170 171]
  [175 170 171]
  [175 170 170]
  ...
  [168 168 181]
  [169 167 181]
  [169 166 182]]

 [[175 171 170]
  [174 171 170]
  [174 172 170]
  ...
  [168 167 179]
  [169 167 179]
  [169 167 180]]

 [[175 171 170]
  [174 172 170]
  [173 172 170]
  ...
  [168 168 177]
  [169 168 176]
  [168 168 175]]

 ...

 [[141 140 134]
  [141 140 135]
  [140 140 135]
  ...
  [ 10  40  46]
  [  9  41  44]
  [  7  40  44]]

 [[140 139 136]
  [139 140 136]
  [139 140 135]
  ...
  [ 10  40  51]
  [  6  38  45]
  [  5  39  41]]

 [[137 139 134]
  [137 138 136]
  [137 139 136]
  ...
  [ 11  41  54]
  [  8  40  50]
  [  4  40  50]]]
timestamp and frame
1599765351.209957
[[[177 172 169]
  [176 171 170]
  [175 171 170]
  ...
  [166 169 177]
  [166 169 177]
  [167 169 176]]

 [[177 172 168]
  [176 172 168]
  [175 172 168]
  ...
  [164 169 177]
  [165 169 177]
  [165 169 177]]

 [[176 172 167]
  [175 172 168]
  [175 172 168]
  ...
  [161 170 176]
  [160 171 176]
  [159 171 176]]

 ...

 [[134 143 132]
  [134 143 133]
  [136 142 134]
  ...
  [  2  32  54]
  [  5  37  60]
  [  7  40  64]]

 [[134 142 134]
  [135 141 134]
  [137 141 134]
  ...
  [  1  34  53]
  [  3  38  58]
  [  2  37  60]]

 [[136 141 134]
  [136 141 134]
  [138 141 134]
  ...
  [  1  36  55]
  [  2  39  58]
  [  1  37  60]]]
timestamp and frame
1599765351.391318
[[[177 172 166]
  [176 173 165]
  [176 174 165]
  ...
  [164 168 179]
  [165 168 179]
  [165 168 179]]

 [[175 174 165]
  [176 173 165]
  [176 173 165]
  ...
  [164 169 178]
  [164 168 179]
  [164 168 180]]

 [[174 172 164]
  [175 173 165]
  [175 174 166]
  ...
  [164 169 178]
  [163 169 179]
  [163 169 179]]

 ...

 [[141 139 137]
  [142 139 136]
  [142 140 136]
  ...
  [ 12  31  51]
  [ 14  35  53]
  [ 17  37  53]]

 [[141 137 136]
  [141 138 137]
  [140 139 137]
  ...
  [ 22  35  59]
  [ 23  35  58]
  [ 23  34  57]]

 [[139 137 136]
  [139 138 136]
  [140 139 136]
  ...
  [ 23  37  61]
  [ 23  35  60]
  [ 21  32  59]]]
timestamp and frame
1599765351.763946
[[[177 172 168]
  [176 172 167]
  [175 172 166]
  ...
  [165 171 173]
  [165 171 172]
  [166 172 171]]

 [[177 172 166]
  [175 172 166]
  [175 173 166]
  ...
  [165 171 173]
  [165 171 172]
  [164 171 171]]

 [[175 172 164]
  [174 172 164]
  [175 174 165]
  ...
  [166 170 175]
  [166 170 175]
  [166 170 175]]

 ...

 [[141 137 136]
  [142 139 136]
  [141 140 135]
  ...
  [ 11  40  45]
  [ 12  42  44]
  [ 18  48  47]]

 [[139 139 134]
  [139 139 134]
  [140 140 134]
  ...
  [ 14  40  50]
  [ 14  40  47]
  [ 16  42  44]]

 [[139 139 133]
  [138 140 134]
  [139 141 134]
  ...
  [ 17  41  53]
  [ 18  43  54]
  [ 18  42  54]]]
timestamp and frame
1599765351.9463446
[[[174 172 168]
  [175 173 166]
  [175 173 166]
  ...
  [168 169 176]
  [168 168 178]
  [169 167 179]]

 [[175 172 168]
  [174 173 166]
  [175 173 166]
  ...
  [168 169 176]
  [168 168 177]
  [169 167 179]]

 [[174 172 168]
  [174 173 166]
  [174 172 165]
  ...
  [167 169 176]
  [168 169 177]
  [169 168 177]]

 ...

 [[141 138 139]
  [141 138 139]
  [141 138 139]
  ...
  [ 17  30  56]
  [ 20  32  58]
  [ 22  33  60]]

 [[140 136 142]
  [140 137 140]
  [140 137 139]
  ...
  [ 19  30  58]
  [ 20  31  60]
  [ 22  31  60]]

 [[139 138 141]
  [138 137 140]
  [137 137 139]
  ...
  [ 23  34  61]
  [ 25  35  63]
  [ 25  37  64]]]
timestamp and frame
1599765352.128878
[[[175 172 168]
  [175 172 168]
  [175 172 168]
  ...
  [167 169 177]
  [167 169 178]
  [166 168 179]]

 [[174 172 168]
  [174 172 168]
  [174 172 168]
  ...
  [164 170 176]
  [164 170 176]
  [164 170 176]]

 [[174 172 167]
  [173 173 166]
  [174 173 166]
  ...
  [163 170 176]
  [163 170 176]
  [163 171 174]]

 ...

 [[136 140 136]
  [136 141 135]
  [136 141 135]
  ...
  [  7  34  56]
  [ 10  36  59]
  [ 15  39  61]]

 [[136 140 137]
  [136 140 137]
  [136 140 136]
  ...
  [ 10  34  55]
  [ 14  38  58]
  [ 14  39  59]]

 [[136 140 137]
  [136 140 137]
  [136 140 137]
  ...
  [ 11  36  57]
  [ 15  38  59]
  [ 14  39  58]]]
timestamp and frame
1599765359.3686311
[[[177 173 165]
  [176 173 165]
  [175 174 165]
  ...
  [163 170 176]
  [162 170 176]
  [161 171 174]]

 [[177 173 165]
  [176 173 165]
  [175 174 165]
  ...
  [163 170 175]
  [163 170 176]
  [161 171 176]]

 [[175 173 166]
  [174 173 166]
  [174 173 166]
  ...
  [164 170 176]
  [165 170 176]
  [165 170 176]]

 ...

 [[136 141 134]
  [138 141 134]
  [140 141 134]
  ...
  [ 15  32  58]
  [ 22  37  64]
  [ 39  50  78]]

 [[138 143 133]
  [138 142 132]
  [140 141 133]
  ...
  [ 19  30  62]
  [ 21  31  63]
  [ 23  34  65]]

 [[138 143 132]
  [138 142 131]
  [137 141 131]
  ...
  [ 20  30  63]
  [ 22  31  66]
  [ 22  31  67]]]
timestamp and frame
1599765359.5457406
[[[177 172 167]
  [177 172 166]
  [176 172 167]
  ...
  [167 170 175]
  [167 170 172]
  [165 168 170]]

 [[177 172 166]
  [176 173 166]
  [175 173 166]
  ...
  [166 169 176]
  [167 169 175]
  [165 169 173]]

 [[176 172 168]
  [174 172 167]
  [174 173 166]
  ...
  [167 169 176]
  [167 169 176]
  [166 169 176]]

 ...

 [[144 139 139]
  [144 138 140]
  [143 138 138]
  ...
  [  8  36  57]
  [  9  39  59]
  [  9  39  61]]

 [[142 140 135]
  [143 140 137]
  [144 139 137]
  ...
  [  9  34  54]
  [ 11  38  58]
  [ 10  38  58]]

 [[141 141 134]
  [143 140 135]
  [143 139 135]
  ...
  [  9  33  53]
  [ 12  36  57]
  [ 13  36  58]]]
